,accuracy,loss,val_accuracy,val_loss,learning_rate
0,0.05668724328279495,2.9727563858032227,0.04722222313284874,2.925549030303955,0.0010000000474974513
1,0.05874485522508621,2.92010498046875,0.05324074253439903,2.9033102989196777,0.0010000000474974513
2,0.058539096266031265,2.9108362197875977,0.05138888955116272,2.900571584701538,0.0010000000474974513
3,0.05385802313685417,2.906489372253418,0.06064814701676369,2.8964684009552,0.0010000000474974513
4,0.05751028656959534,2.9050209522247314,0.05324074253439903,2.8970940113067627,0.0010000000474974513
5,0.05684156343340874,2.9017603397369385,0.05324074253439903,2.893573522567749,0.0010000000474974513
6,0.0835905373096466,2.8265187740325928,0.10046296566724777,2.7256686687469482,0.0010000000474974513
7,0.11363168805837631,2.7151103019714355,0.12546296417713165,2.686798572540283,0.0010000000474974513
8,0.129269540309906,2.67557954788208,0.1537037044763565,2.5537173748016357,0.0010000000474974513
9,0.16887860000133514,2.5137414932250977,0.24537037312984467,2.295344591140747,0.0010000000474974513
10,0.24470163881778717,2.2521491050720215,0.4472222328186035,1.8864277601242065,0.0010000000474974513
11,0.4056069850921631,1.8115793466567993,0.6356481313705444,1.257964015007019,0.0010000000474974513
12,0.5641975402832031,1.3547589778900146,0.7569444179534912,0.8814549446105957,0.0010000000474974513
13,0.667438268661499,1.0747891664505005,0.8004629611968994,0.6833327412605286,0.0010000000474974513
14,0.7253086566925049,0.9111356139183044,0.8666666746139526,0.514885425567627,0.0010000000474974513
15,0.7699074149131775,0.7670539617538452,0.8800926208496094,0.4339595437049866,0.0010000000474974513
16,0.8017489910125732,0.666092574596405,0.8949074149131775,0.38037899136543274,0.0010000000474974513
17,0.8261317014694214,0.6039766073226929,0.9074074029922485,0.3342958986759186,0.0010000000474974513
18,0.845061719417572,0.5305551290512085,0.9111111164093018,0.2984577417373657,0.0010000000474974513
19,0.8528292179107666,0.50335693359375,0.9194444417953491,0.283785879611969,0.0010000000474974513
20,0.8671296238899231,0.4607737958431244,0.9236111044883728,0.2534356713294983,0.0010000000474974513
21,0.8760802745819092,0.4350626766681671,0.9236111044883728,0.24850808084011078,0.0010000000474974513
22,0.8831275701522827,0.4136919379234314,0.9300925731658936,0.23851417005062103,0.0010000000474974513
23,0.8880143761634827,0.38392728567123413,0.9356481432914734,0.20929312705993652,0.0010000000474974513
24,0.8967592716217041,0.3521935045719147,0.9375,0.20508801937103271,0.0010000000474974513
25,0.8982510566711426,0.346201628446579,0.9379629492759705,0.20441308617591858,0.0010000000474974513
26,0.9056584239006042,0.32415395975112915,0.9430555701255798,0.1905810385942459,0.0010000000474974513
27,0.9102365970611572,0.30868062376976013,0.9439814686775208,0.1821090430021286,0.0010000000474974513
28,0.9086934328079224,0.30859822034835815,0.947685182094574,0.16549500823020935,0.0010000000474974513
29,0.9155864119529724,0.2931758165359497,0.9509259462356567,0.15801256895065308,0.0010000000474974513
30,0.9216049313545227,0.2721671164035797,0.9449074268341064,0.17541831731796265,0.0010000000474974513
31,0.9199073910713196,0.2760615646839142,0.9532407522201538,0.14963491261005402,0.0010000000474974513
32,0.9207819104194641,0.26654407382011414,0.9453703761100769,0.1693883091211319,0.0010000000474974513
33,0.9247942566871643,0.2556074261665344,0.9550926089286804,0.143228679895401,0.0010000000474974513
34,0.9284979701042175,0.2467229962348938,0.9555555582046509,0.14456528425216675,0.0010000000474974513
35,0.9289094805717468,0.24163272976875305,0.9518518447875977,0.1373024731874466,0.0010000000474974513
36,0.9263888597488403,0.24240775406360626,0.9509259462356567,0.1495078206062317,0.0010000000474974513
37,0.9314814805984497,0.23041969537734985,0.9537037014961243,0.1540292203426361,0.0010000000474974513
38,0.9317386746406555,0.23197056353092194,0.9504629373550415,0.13571086525917053,0.0010000000474974513
39,0.9278292059898376,0.23792119324207306,0.957870364189148,0.13010774552822113,0.0010000000474974513
40,0.9340534806251526,0.21963249146938324,0.9629629850387573,0.11995454132556915,0.0010000000474974513
41,0.9377571940422058,0.20796191692352295,0.9624999761581421,0.11930858343839645,0.0010000000474974513
42,0.934876561164856,0.21152393519878387,0.9583333134651184,0.12740159034729004,0.0010000000474974513
43,0.9377571940422058,0.20878362655639648,0.9550926089286804,0.12516292929649353,0.0010000000474974513
44,0.9426440596580505,0.19906114041805267,0.9611111283302307,0.11173558980226517,0.0010000000474974513
45,0.9420267343521118,0.19062525033950806,0.957870364189148,0.12678220868110657,0.0010000000474974513
46,0.9429526925086975,0.1958230435848236,0.9564814567565918,0.11883489787578583,0.0010000000474974513
47,0.9418724179267883,0.19208981096744537,0.9583333134651184,0.12330840528011322,0.0010000000474974513
48,0.9421296119689941,0.19107210636138916,0.9629629850387573,0.11210288852453232,0.0010000000474974513
49,0.9447016716003418,0.18460308015346527,0.9620370268821716,0.11922957748174667,0.0010000000474974513
50,0.9507201910018921,0.16067349910736084,0.9675925970077515,0.1063360944390297,0.0005000000237487257
51,0.9555555582046509,0.14945201575756073,0.9643518328666687,0.1100294217467308,0.0005000000237487257
52,0.952983558177948,0.1565832495689392,0.9648148417472839,0.11207576096057892,0.0005000000237487257
53,0.9542180895805359,0.15093135833740234,0.967129647731781,0.1045113131403923,0.0005000000237487257
54,0.9540637731552124,0.15179835259914398,0.9629629850387573,0.11077611148357391,0.0005000000237487257
55,0.9548868536949158,0.14363200962543488,0.9666666388511658,0.1042884811758995,0.0005000000237487257
56,0.9572016596794128,0.14453132450580597,0.9629629850387573,0.1086670458316803,0.0005000000237487257
57,0.9550411701202393,0.14548715949058533,0.9657407402992249,0.10806234180927277,0.0005000000237487257
58,0.9573045372962952,0.1424950659275055,0.9606481194496155,0.11805644631385803,0.0005000000237487257
59,0.958899199962616,0.13732579350471497,0.9615740776062012,0.10798706114292145,0.0005000000237487257
60,0.958899199962616,0.13420143723487854,0.9675925970077515,0.10845394432544708,0.0005000000237487257
61,0.9608539342880249,0.13103802502155304,0.9662036895751953,0.10138540714979172,0.0002500000118743628
62,0.962860107421875,0.1253640055656433,0.967129647731781,0.10269958525896072,0.0002500000118743628
63,0.9627057909965515,0.12449953705072403,0.9699074029922485,0.0972629263997078,0.0002500000118743628
64,0.961214005947113,0.12782524526119232,0.9685184955596924,0.10462351143360138,0.0002500000118743628
65,0.9639403223991394,0.11924546211957932,0.9648148417472839,0.09786446392536163,0.0002500000118743628
66,0.9625514149665833,0.1186865046620369,0.9712963104248047,0.09192246198654175,0.0002500000118743628
67,0.9621913433074951,0.12136144936084747,0.967129647731781,0.1014716848731041,0.0002500000118743628
68,0.9643003940582275,0.11631385236978531,0.9699074029922485,0.0949377715587616,0.0002500000118743628
69,0.9646604657173157,0.11353330314159393,0.9643518328666687,0.1027945727109909,0.0002500000118743628
70,0.9638888835906982,0.11826621741056442,0.9689815044403076,0.09825509041547775,0.0002500000118743628
71,0.9637860059738159,0.11874406039714813,0.967129647731781,0.1016368642449379,0.0002500000118743628
72,0.9656378626823425,0.10826786607503891,0.9675925970077515,0.09351404011249542,0.0001250000059371814
73,0.9656893014907837,0.11069130152463913,0.9712963104248047,0.0902550220489502,0.0001250000059371814
74,0.9669753313064575,0.10639186203479767,0.9717592597007751,0.09220696985721588,0.0001250000059371814
75,0.9653292298316956,0.10648856312036514,0.9680555462837219,0.09162024408578873,0.0001250000059371814
76,0.9662036895751953,0.10688693821430206,0.9708333611488342,0.08879190683364868,0.0001250000059371814
77,0.9686728119850159,0.10151974111795425,0.9680555462837219,0.09677089750766754,0.0001250000059371814
78,0.9677983522415161,0.10623817890882492,0.9689815044403076,0.09230078756809235,0.0001250000059371814
79,0.9664608836174011,0.10552476346492767,0.9699074029922485,0.09194785356521606,0.0001250000059371814
80,0.9679526686668396,0.10470743477344513,0.9722222089767456,0.1006748303771019,0.0001250000059371814
81,0.967129647731781,0.10456014424562454,0.970370352268219,0.09516323357820511,0.0001250000059371814
82,0.9708333611488342,0.0967363640666008,0.9689815044403076,0.09304723143577576,6.25000029685907e-05
83,0.9695987701416016,0.09616725146770477,0.9685184955596924,0.09569426625967026,6.25000029685907e-05
84,0.9686213731765747,0.10032232105731964,0.9685184955596924,0.09358392655849457,6.25000029685907e-05
85,0.9681584239006042,0.10405336320400238,0.970370352268219,0.09197184443473816,6.25000029685907e-05
86,0.967438280582428,0.10255730897188187,0.9708333611488342,0.09237325936555862,6.25000029685907e-05
87,0.9692386984825134,0.09595285356044769,0.9712963104248047,0.09370002895593643,3.125000148429535e-05
88,0.968724250793457,0.09704531729221344,0.9717592597007751,0.09238516539335251,3.125000148429535e-05
89,0.9686213731765747,0.09794697165489197,0.9712963104248047,0.09210579097270966,3.125000148429535e-05
90,0.9690329432487488,0.09668397903442383,0.9708333611488342,0.09302105754613876,3.125000148429535e-05
91,0.9689815044403076,0.1005842462182045,0.9694444537162781,0.09245847165584564,3.125000148429535e-05
