,accuracy,loss,val_accuracy,val_loss,learning_rate
0,0.440946489572525,1.8301737308502197,0.8490740656852722,0.5429332852363586,0.0010000000474974513
1,0.7714506387710571,0.7610390782356262,0.9087963104248047,0.3051426410675049,0.0010000000474974513
2,0.8472736477851868,0.5193843245506287,0.9296296238899231,0.23357492685317993,0.0010000000474974513
3,0.8782922029495239,0.41316595673561096,0.9402777552604675,0.20660433173179626,0.0010000000474974513
4,0.9031378626823425,0.3333478569984436,0.9509259462356567,0.16920572519302368,0.0010000000474974513
5,0.910545289516449,0.3024572432041168,0.9550926089286804,0.1446903795003891,0.0010000000474974513
6,0.9202160239219666,0.2704769968986511,0.9592592716217041,0.13543233275413513,0.0010000000474974513
7,0.9312757253646851,0.23287303745746613,0.9620370268821716,0.12004472315311432,0.0010000000474974513
8,0.9368312954902649,0.21588313579559326,0.967129647731781,0.10483498871326447,0.0010000000474974513
9,0.9395576119422913,0.19980384409427643,0.9615740776062012,0.11597806960344315,0.0010000000474974513
10,0.940123438835144,0.19483426213264465,0.9689815044403076,0.0977555587887764,0.0010000000474974513
11,0.9474279880523682,0.1733647584915161,0.9685184955596924,0.09923616051673889,0.0010000000474974513
12,0.9454218149185181,0.175286203622818,0.9722222089767456,0.09289269149303436,0.0010000000474974513
13,0.9501543045043945,0.16288478672504425,0.9722222089767456,0.08925952762365341,0.0010000000474974513
14,0.956532895565033,0.15042339265346527,0.9731481671333313,0.08478648215532303,0.0010000000474974513
15,0.9568415880203247,0.14576613903045654,0.9740740656852722,0.08153436332941055,0.0010000000474974513
16,0.9583333134651184,0.13859282433986664,0.9777777791023254,0.08604652434587479,0.0010000000474974513
17,0.9600822925567627,0.1355939507484436,0.9759259223937988,0.0777030736207962,0.0010000000474974513
18,0.9607510566711426,0.12709705531597137,0.9689815044403076,0.08468342572450638,0.0010000000474974513
19,0.959876537322998,0.1301594376564026,0.9777777791023254,0.07513419538736343,0.0010000000474974513
20,0.9614711999893188,0.1250571608543396,0.9731481671333313,0.07461918145418167,0.0010000000474974513
21,0.9631173014640808,0.12485919147729874,0.9782407283782959,0.07360798865556717,0.0010000000474974513
22,0.9660493731498718,0.10825589299201965,0.9759259223937988,0.07487114518880844,0.0010000000474974513
23,0.9636831283569336,0.12571409344673157,0.9708333611488342,0.09141793847084045,0.0010000000474974513
24,0.9655864238739014,0.11357685923576355,0.9736111164093018,0.07946211099624634,0.0010000000474974513
25,0.9665637612342834,0.10765098035335541,0.9731481671333313,0.08146749436855316,0.0010000000474974513
26,0.9659464955329895,0.10995965451002121,0.9759259223937988,0.07465913891792297,0.0010000000474974513
27,0.9722222089767456,0.09122014045715332,0.977314829826355,0.07450015097856522,0.0005000000237487257
28,0.9743826985359192,0.08527375012636185,0.9810185432434082,0.06833535432815552,0.0005000000237487257
29,0.9751029014587402,0.08281277120113373,0.9763888716697693,0.06999824941158295,0.0005000000237487257
30,0.9758744835853577,0.08146512508392334,0.9814814925193787,0.06119420751929283,0.0005000000237487257
31,0.9762345552444458,0.07727351039648056,0.9777777791023254,0.07160257548093796,0.0005000000237487257
32,0.9761316776275635,0.0762820616364479,0.9791666865348816,0.07286259531974792,0.0005000000237487257
33,0.9776749014854431,0.07421670109033585,0.9814814925193787,0.06659317761659622,0.0005000000237487257
34,0.9765946269035339,0.07767830044031143,0.980555534362793,0.0693211555480957,0.0005000000237487257
35,0.9756172895431519,0.07714900374412537,0.979629635810852,0.06827688217163086,0.0005000000237487257
36,0.9771090745925903,0.07037247717380524,0.9814814925193787,0.06705226749181747,0.0002500000118743628
37,0.9783436059951782,0.06845688074827194,0.9814814925193787,0.0652673989534378,0.0002500000118743628
38,0.9797839522361755,0.06280545145273209,0.9828703999519348,0.06900620460510254,0.0002500000118743628
39,0.9801440238952637,0.06549371778964996,0.9824073910713196,0.06559406965970993,0.0002500000118743628
40,0.9821501970291138,0.05813024565577507,0.9833333492279053,0.0679551288485527,0.0002500000118743628
41,0.9818415641784668,0.058929793536663055,0.9833333492279053,0.06880085170269012,0.0001250000059371814
42,0.9817386865615845,0.06009247526526451,0.9837962985038757,0.06609338521957397,0.0001250000059371814
43,0.9812242984771729,0.06092051416635513,0.9842592477798462,0.06406635791063309,0.0001250000059371814
44,0.9821501970291138,0.05821943283081055,0.9842592477798462,0.06607721745967865,0.0001250000059371814
45,0.9822530746459961,0.055137522518634796,0.9837962985038757,0.06542831659317017,0.0001250000059371814
